-10.4
-10.2
-10.4
-10.2
-10.2
-10.2
-10.2
-10.2
-10.2
-10.2
-10.2
-10.2
-10.2
-10.2
-10.2
-10.2
-10.2
-10.2
-10.2
-10.2
-10.2
-10.4
-10.2
-10.2
-10.2
-10.2
-10.2
-10.2
-10.2
-10.2
-10.2
-10.2
-10.2
-10.2
-10.2
-10.2
-10.2
-10.2
-10.2
-10.2
-10.2
-10.2
-10.2
-10.2
-10.2
-10.2
-10.2
-10.2
-10.2
-10.2
-10.2
-10.2
-10.2
-10.2
-10.2
-10.2
-10.4
-10.2
-10.2
-10.2
-10.2
-10.2
-10.2
-10.2
-10.2
-10.2
-10.2
-10.4
-10.2
-10.2
-9.8
-9
-8.2
-7.6
-6.8
-6
-5.2
-4.4
-3.6
-2.8
-2
-1.2
-0.4
0.4
1
2
2.6
3.4
4
3.8
3.6
3.4
3
2.8
2.6
2.4
2.2
2
1.8
1.6
1.4
1.4
1
1
1
1
0.8
0.8
0.8
0.6
0.6
0.6
0.4
0.4
0.4
0.4
0.4
0.4
0.2
0.2
0.2
0.2
0.2
0.2
0.2
0
0
0
0
0
0.2
0
0
0
0
0
-0.2
0
0
-0.2
-0.2
-0.2
0
0
0
0
-0.2
-0.2
-0.2
-0.2
0
0
0
0
0
-0.2
-0.2
-0.2
-0.2
-0.2
-0.2
0
0
-0.2
0
-0.2
0
0
-0.2
-0.2
0
0
0
-0.2
0
0
-0.2
-0.2
-0.2
-0.2
-0.2
-0.2
-0.2
-0.2
-0.2
-0.2
-0.2
-0.2
-0.2
-0.2
-0.2
-0.2
-0.2
0
-0.2
-0.2
-0.2
-0.2
-0.2
-0.2
-0.2
-0.2
-0.2
0
-0.2
0
-0.2
-0.2
0
0
-0.2
-0.2
0
-0.2
-0.2
-0.2
-0.2
-0.2
-0.2
-0.2
-0.2
-0.2
0
-0.2
-0.2
-0.2
0
-0.2
-0.2
-0.2
-0.2
-0.2
0
-0.2
0
0
0
-0.2
-0.2
-0.2
-0.2
0
-0.2
-0.2
-0.2
-0.2
-0.2
-0.2
-0.2
0
-0.4
-1.2
-2
-2.8
-3.4
-4.2
-5
-5.6
-6.4
-7
-7.6
-8.4
-9
-9.6
-10.2
-10.2
-10.2
-10.2
-10.2
-10.2
-10.2
-10.2
-10.2
-10.2
-10.2
-10.2
-10.2
-10.2
-10.2
-10.2
-10.2
-10.2
-10.2
-10.2
-10.2
-10.2
-10.2
-10.2
-10.2
-10.2
-10.2
-10.2
-10.2
-10.2
-10.2
-10.2
-10.4
-10.2
-10.2
-10.2
-10.2
-10.2
-10.2
-10.2
-10.2
-10.2
-10.2
-10.2
-10.4
-10.2
-10.4
-10.2
-10.2
-10.2
-10.2
-10.2
-10.2
-10.2
-10.2
-10.2
-10.2
-10.2
-10.2
-10.2
-10.2
-10.2
-10.2
-10.2
-10.2
-10.2
-10.2
-10.2
-10.2
-10.2
-10.2
-10.2
-10.2
-10.2
-10.2
-10.2
-10.2
-10.2
-10.2
-10.2
-10.2
-10.2
-10.2
-10.2
-10.2
-10.2
-10.2
-10.2
-10.2
-10.2
-10.2
-10.2
-10.2
-10.2
-10.2
-10.2
-10.2
-10.2
-10.2
-10.2
-10.2
-10.2
-10.2
-10.2
-10.2
-10.2
-10.2
-10.2
-10.2
-10.2
-10.2
-10.2
-10.4
-10.2
-10.4
-10.2
-10.2
-10.2
-10.2
-10.2
-10.2
-10.2
-10.2
-10.2
-10.4
-10.2
-10.2
-10.2
-10.2
-10.2
-10.2
-10.2
-10.2
-10.2
-10.2
-10.2
-10.2
-10.2
-10.2
-10.2
-10.2
-10.2
-10.2
-10.2
-10.2
-10.2
-10.2
-10.2
-10.2
-10.2
-10.2
-10.2
-10.4
-10.2
-10.4
-10.2
-10.2
-10.2
-10.4
-10.2
-10.2
-10.2
-10.2
-10.2
-10.2
-10.2
-10.2
-10.2
-10.2
-10.2
-10.2
-10.2
-10.2
-10.2
-10.2
-10.2
-10.2
-10.2
-10.2
-10.2
-10.2
-10.2
-10.2
-10.2
-10.2
-10.2
-10.2
-10.2
-10.2
-10.2
-10.2
-10.2
-10.2
-10.2
-10.2
-10.2
-10.4
-10.2
-10.2
-10.2
-10.2
-10.2
-10.2
-10.2
-10.2
-10.2
-10.2
-10.2
-10.2
-10.2
-10.2
-10.2
-10.2
-10.2
-10.2
-10.2
-10.2
-10.2
-10.2
-10.2
-10.2
-10.2
-10.2
-10.2
-10.2
-10.4
-10.2
-10.2
-10.2
-10.2
-10.2
-10.2
-10.2
-10.2
-10.4
-10.2
-10.2
-10.2
-10.2
-10.2
-10.2
-10.2
-10.2
-10.2
-10.2
-10.2
-10.2
-10.4
-10.2
-10.4
-10.2
-10.2
-10.2
-10.2
-10.4
-10.2
-10.2
-10.2
-10.2
-10.2
-10.4
-10.2
-10.2
-10.4
-10.2
-10.2
-10.2
-10
-10.2
-10.2
-10.2
-10.2
-10.2
-10.4
-10.2
-10.2
-10.2
-10.2
-10.2
-10.2
-10.2
-10.2
-10.2
-10.2
-10.2
-10.2
-10.2
-10.2
-10.2
-10.2
-10.2
-10.2
-10.2
-10.2
-10.2
-10.2
-10.2
-10.2
-10.2
-10.2
-10.2
-10.2
-10.2
-10.2
-10.4
-10.2
-10
-9.2
-8.4
-7.6
-6.8
-6.2
-5.4
-4.4
-3.8
-2.8
-2
-1.4
-0.6
0.2
1
1.8
2.6
3.4
4
3.8
3.6
3.4
3
2.8
2.6
2.4
2.2
2
1.8
1.6
1.4
1.4
1.2
1
1
0.8
0.8
0.8
0.8
0.6
0.6
0.4
0.6
0.4
0.4
0.4
0.4
0.2
0.2
0.2
0.2
0
0.2
0
0
0
0
0
0
0
0
0
0
0
0
-0.2
0
0
0
0
0
0
-0.2
0
-0.2
-0.2
0
0
-0.2
0
-0.2
0
0
-0.2
-0.2
-0.2
-0.2
-0.2
-0.2
-0.2
-0.2
-0.2
-0.2
-0.2
-0.2
-0.2
-0.2
-0.2
-0.2
0
0
-0.2
-0.2
-0.2
-0.2
-0.2
-0.2
-0.2
-0.2
-0.2
-0.2
-0.2
-0.2
-0.2
-0.2
-0.2
-0.2
-0.2
0
-0.2
-0.2
-0.2
-0.2
-0.2
-0.2
-0.2
-0.2
-0.2
0
0
0
0
-0.2
-0.2
-0.2
-0.2
-0.2
-0.2
-0.2
0
0
-0.2
-0.2
-0.2
-0.2
-0.2
-0.2
-0.2
-0.2
-0.2
-0.2
-0.2
-0.2
0
0
-0.2
0
-0.2
-0.2
-0.2
-0.2
-0.2
0
0
-0.2
-0.2
-0.2
-0.2
-0.2
-0.2
-0.2
0
-0.2
-0.2
-0.2
-0.2
-0.2
-0.2
0
-0.2
-0.4
-1.2
-2
-2.8
-3.4
-4.2
-5
-5.6
-6.4
-7
-7.6
-8.4
-9
-9.6
-10.2
-10.2
-10.2
-10.2
-10.4
-10.2
-10.2
-10.2
-10.2
-10.2
-10.2
-10.2
-10.2
-10.2
-10.2
-10.4
-10.2
-10.2
-10.2
-10.2
-10.2
-10.4
-10.2
-10.2
-10.2
-10.2
-10.2
-10.2
-10.2
-10.2
-10.4
-10.2
-10.2
-10.2
-10.2
-10.2
-10.2
-10.2
-10.2
-10.2
-10.2
-10.4
-10.2
-10.2
-10.2
-10.2
-10.2
-10.4
-10.2
-10.2
-10.2
-10.2
-10.2
-10.2
-10.2
-10.2
-10.2
-10.2
-10.2
-10.2
-10.2
-10.2
-10.2
-10.2
-10.2
-10.2
-10.4
-10.2
-10.2
-10.2
-10.2
-10.4
-10.2
-10.2
-10.2
-10.2
-10.2
-10.4
-10.2
-10.2
-10.2
-10.4
-10.2
-10.2
-10.2
-10.2
-10.2
-10.2
-10.4
-10.2
-10.2
-10.2
-10.2
-10.2
-10.2
-10.2
-10.2
-10.2
-10.2
-10.2
-10.2
-10.2
-10.2
-10.2
-10.2
-10.2
-10.2
-10.2
-10.2
-10.2
-10.2
-10.2
-10.2
-10.2
-10.2
-10.2
-10.2
-10.4
-10.2
-10.2
-10.2
-10.2
-10.2
-10.2
-10.2
-10.2
-10.2
-10.2
-10.2
-10.2
-10.2
-10.2
-10.2
-10.2
-10.2
-10.2
-10.2
-10.2
-10.2
-10.2
-10.2
-10.2
-10.2
-10.2
-10.2
-10.2
-10.2
-10.2
-10.2
-10.2
-10.2
-10.2
-10.2
-10.2
-10.2
-10.2
-10.2
-10.2
-10.2
-10.2
-10.2
-10.2
-10.2
-10.2
-10.2
-10.2
-10.2
-10.2
-10.2
-10.2
-10.2
-10.2
-10.2
-10.2
-10.2
-10.2
-10.2
-10.2
-10.2
-10.2
-10.2
-10.2
-10.2
-10.2
-10.2
-10.2
-10.2
-10.2
-10.2
-10.2
-10.4
-10.2
-10.2
-10.2
-10.2
-10.2
-10.2
-10.2
-10.2
-10.2
-10.2
-10.2
-10.2
-10.2
-10.2
-10.2
-10.2
-10.2
-10.2
-10.2
-10.2
-10.2
-10.2
-10.2
-10.2
-10.2
-10.2
-10.2
-10.2
-10.2
-10.2
-10.2
-10.2
-10.2
-10.2
-10.2
-10.2
-10.2
-10.2
-10.2
-10.2
-10.2
-10.2
-10.2
-10.2
-10.2
-10.2
-10.2
-10.4
-10.2
-10.2
-10.2
-10.2
-10.2
-10.4
-10.2
-10.4
-10.2
-10.4
-10.4
-10.2
-10.2
-10.2
-10.2
-10.2
-10.2
-10.2
-10.2
-10.2
-10.2
-10.2
-10.2
-10.2
-10.2
-10.2
-10.2
-10.2
-10.2
-10.2
-10.2
-10.2
-10.2
-10.2
-10.2
-10.2
-10.2
-10.2
-10.2
-10.2
-10.2
-10.2
-10.2
-10.2
-10.2
-10.2
-10.4
-10.2
-10.2
-10.2
-10.2
-10.2
-10.2
-10.2
-10.2
-10.2
-10.2
-10.2
-10.2
-10.2
-10.2
-10.2
-10.2
-10.2
-10.2
-10.2
-10.2
-10
-9.4
-8.4
-7.6
-7
-6.2
-5.2
-4.4
-3.6
-3
-2.2
-1.4
-0.6
0.2
1
1.6
2.6
3.4
3.8
3.8
3.6
3.4
3
2.8
2.6
2.4
2.2
2
1.8
1.6
1.4
1.2
1.2
1
1
0.8
0.8
0.8
0.8
0.6
0.6
0.4
0.4
0.4
0.4
0.4
0.4
0.4
0.2
0.2
0.2
0.2
0.2
0
0
0
0
0.2
0
0
0
0
0
0
-0.2
0
0
-0.2
0
0
-0.2
0
-0.2
-0.2
-0.2
0
-0.2
-0.2
0
-0.2
0
-0.2
-0.2
-0.2
-0.2
0
-0.2
-0.2
0
-0.2
-0.2
-0.2
-0.2
-0.2
-0.2
0
-0.2
0
-0.2
-0.2
-0.2
-0.2
-0.2
-0.2
-0.2
-0.2
0
-0.2
-0.2
-0.2
-0.2
-0.2
-0.2
-0.2
-0.2
-0.2
-0.2
-0.2
-0.2
-0.2
-0.2
-0.2
-0.2
0
-0.2
-0.2
-0.2
-0.2
-0.2
-0.2
-0.2
-0.2
-0.2
0
0
-0.2
-0.2
-0.2
-0.2
-0.2
-0.2
0
-0.2
-0.2
-0.2
-0.2
-0.2
-0.2
-0.2
-0.2
-0.2
-0.2
0
-0.2
-0.2
-0.2
-0.2
0
-0.2
-0.2
-0.2
-0.2
-0.2
-0.2
-0.2
-0.2
0
-0.2
-0.2
-0.2
-0.2
-0.2
-0.2
-0.2
0
-0.2
-0.2
0
0
-0.2
-0.6
-1.2
-2
-2.6
-3.6
-4.2
-5
-5.6
-6.4
-7
-7.8
-8.4
-9
-9.6
-10.2
-10.2
-10.2
-10.4
-10.2
-10.2
-10.2
-10.2
-10.2
-10.2
-10.2
-10.2
-10.2
-10.2
-10.2
-10.2
-10.2
-10.2
-10.2
-10.2
-10.2
-10.2
-10.2
-10.2
-10.4
-10.2
-10.2
-10.2
-10.2
-10.2
-10.2
-10.2
-10.2
-10.2
-10.2
-10.2
-10.2
-10.4
-10.2
-10.2
-10.2
-10.2
-10.2
-10.2
-10.2
-10.2
-10.2
-10.2
-10.2
-10.2
-10.2
-10.4
-10.2
-10.2
-10.2
-10.2
-10.2
-10.2
-10.2
-10.2
-10.2
-10.2
-10.2
-10.2
-10.2
-10.2
-10.2
-10.2
-10.2
-10.2
-10.2
-10.2
-10.2
-10.2
-10.4
-10.2
-10.2
-10.2
-10.2
-10.2
-10.2
-10.2
-10.2
-10.2
-10.2
-10.2
-10.2
-10.2
-10.2
-10.2
-10.2
-10.2
-10.2
-10.2
-10.2
-10.2
-10.2
-10.2
-10.2
-10.2
-10.2
-10.2
-10.2
-10.2
-10.2
-10.2
-10.2
-10.2
-10.4
-10.2
-10.2
-10.2
-10.2
-10.2
-10.2
-10.2
-10.2
-10.2
-10.2
-10.2
-10.2
-10.2
-10.2
-10.2
-10.2
-10.2
-10.2
-10.2
-10.4
-10.2
-10.2
-10.2
-10.2
-10.2
-10.2
-10.2
-10.2
-10.4
-10.2
-10.2
-10.4
-10.2
-10.2
-10.2
-10.2
-10.2
-10.2
-10.2
-10.2
-10.2
-10.4
-10.2
-10.2
-10.2
-10.2
-10.4
-10.2
-10.2
-10.2
-10.2
-10.2
-10.2
-10.2
-10.2
-10.2
-10.2
-10.2
-10.2
-10.2
-10.2
-10.2
-10.2
-10.2
-10.2
-10.2
-10.2
-10.2
-10.2
-10.2
-10.2
-10.2
-10.2
-10.2
-10.2
-10.2
-10.2
-10.2
-10.2
-10.2
-10.2
-10.2
-10.2
-10.2
-10.2
-10.2
-10.2
-10.2
-10.2
-10.2
-10.2
-10.2
-10.2
-10.2
-10.2
-10.2
-10.2
-10.2
-10.2
-10.4
-10.2
-10.2
-10.2
-10.4
-10.2
-10.2
-10.2
-10.2
-10.2
-10.2
-10.2
-10.2
-10.2
-10.2
-10.2
-10.2
-10.2
-10.2
-10.2
-10.2
-10.2
-10.2
-10.2
-10.2
-10.2
-10.2
-10.2
-10.2
-10.2
-10.2
-10.2
-10.2
-10.2
-10.2
-10.2
-10.2
-10.2
-10.2
-10.2
-10.2
-10.2
-10.2
-10.2
-10.2
-10.2
-10.2
-10.2
-10.4
-10.2
-10.2
-10.2
-10.2
-10.2
-10.2
-10.2
-10.2
-10.2
-10.2
-10.2
-10.2
-10.2
-10.2
-10.2
-10.2
-10.2
-10.2
-10.2
-10.2
-10.2
-10.2
-10.2
-10.2
-10.2
-10.2
-10.4
-10.2
-10.2
-10.4
-10.2
-10.2
-10.2
-10.2
-10.2
-10.2
-10.2
-10.2
-10.2
-10.2
-10.2
-10.2
-10.2
-10.2
-10.2
-10.2
-10.2
-10.2
-10.2
-10.2
-9.4
-8.6
-7.8
-7
-6.2
-5.4
-4.4
-3.6
-3
-2
-1.4
-0.6
0.2
1
1.6
2.6
3.4
4
3.8
3.6
3.4
3.2
2.8
2.6
2.4
2.2
2
1.8
1.6
1.4
1.4
1.2
1
1
1
0.8
0.8
0.6
0.6
0.4
0.4
0.4
0.4
0.4
0.4
0.2
0.2
0.4
0.2
0.2
0
0.2
0.2
0.2
0.2
0
0
0
0
0
0
0
-0.2
0
0
0
0
0
-0.2
-0.2
-0.2
-0.2
0
-0.2
-0.2
-0.2
-0.2
-0.2
-0.2
-0.2
-0.2
-0.2
0
-0.2
-0.2
-0.2
-0.2
-0.2
-0.2
-0.2
-0.2
-0.2
-0.2
-0.2
-0.2
-0.2
0
-0.2
-0.2
-0.2
-0.2
-0.2
-0.2
-0.2
-0.2
-0.2
-0.2
-0.2
-0.2
-0.2
0
-0.2
-0.2
-0.2
-0.2
-0.2
-0.2
-0.2
-0.2
-0.2
-0.2
-0.2
-0.2
-0.2
-0.2
-0.2
-0.2
-0.2
-0.2
-0.2
0
-0.2
0
-0.2
-0.2
-0.2
-0.2
0
-0.2
-0.2
-0.2
-0.2
-0.2
-0.2
-0.2
-0.2
-0.2
-0.2
-0.2
-0.2
-0.2
-0.2
0
-0.2
-0.2
-0.2
-0.2
-0.2
-0.2
-0.2
0
-0.2
0
-0.2
-0.2
-0.2
-0.2
-0.2
-0.2
-0.2
-0.2
-0.2
-0.2
-0.2
-0.2
-0.2
-0.2
-0.2
-0.2
-0.6
-1.2
-2
-2.8
-3.6
-4.4
-5
-5.6
-6.4
-7
-7.8
-8.4
-9
-9.6
-10.2
-10.2
-10.2
-10.2
-10.2
-10.2
-10.2
-10.2
-10.2
-10.2
-10.2
-10.2
-10.2
-10.2
-10.2
-10.2
-10.2
-10.2
-10.2
-10.2
-10.2
-10.4
-10.2
-10.2
-10.2
-10.4
-10.2
-10.2
-10.2
-10.2
-10.2
-10.2
-10.2
-10.2
-10.2
-10.2
-10.2
-10.2
-10.2
-10.2
-10.2
-10.2
-10.2
-10.4
-10.2
-10.2
-10.2
-10.2
-10.2
-10.2
-10.2
-10.2
-10.2
-10.2
-10.2
-10.2
-10.2
-10.2
-10.2
-10.2
-10.4
-10.2
-10.2
-10.2
-10.2
-10.2
-10.2
-10.2
-10.2
-10.4
-10.2
-10.2
-10.2
-10.2
-10.2
-10.2
-10.2
-10.2
-10.2
-10.2
-10.2
-10.2
-10.2
-10.2
-10.2
-10.2
-10.2
-10.2
-10.2
-10.2
-10.2
-10.2
-10.2
-10.2
-10.2
-10.2
-10.2
-10.2
-10.2
-10.2
-10.2
-10.2
-10.2
-10.2
-10.2
-10.2
-10.2
-10.2
-10.2
-10.2
-10.4
-10.2
-10.2
-10.2
-10.2
-10.2
-10.2
-10.2
-10.2
-10.2
-10.2
-10.2
-10.2
-10.2
-10.2
-10.2
-10.2
-10.2
-10.2
-10.2
-10.2
-10.2
-10.2
-10.2
-10.2
-10.2
-10.2
-10.2
-10.2
-10.2
-10.2
-10.2
-10.2
-10.2
-10.2
-10.2
-10.2
-10.2
-10.2
-10.2
-10.2
-10.2
-10.2
-10.2
-10.2
-10.4
-10.2
-10.2
-10.2
-10.2
-10.2
-10.2
-10.2
-10.2
-10.2
-10.2
-10.2
-10.2
-10.2
-10.2
-10.2
-10.2
-10.2
-10.2
-10.2
-10.4
-10.2
-10.2
-10.2
-10.2
-10.2
-10.2
-10.2
-10.4
-10.2
-10.2
-10.2
-10.2
-10.2
-10.2
-10.2
-10.2
-10.2
-10.2
-10.2
-10.2
-10.2
-10.2
-10.2
-10.2
-10.2
-10.2
-10.2
-10.2
-10.2
-10.2
-10.2
-10.2
-10.2
-10.2
-10.4
-10.2
-10.2
-10.2
-10.2
-10.2
-10.2
-10.2
-10.2
-10.2
-10.4
-10.2
-10.2
-10.2
-10.2
-10.2
-10.2
-10.2
-10.2
-10.2
-10.2
-10.2
-10.2
-10.2
-10.2
-10.2
-10.2
-10.2
-10.2
-10.2
-10.2
-10.2
-10.2
-10.2
-10.2
-10.2
-10.2
-10.2
-10.2
-10.2
-10.2
-10.2
-10.2
-10.2
-10.2
-10.2
-10.2
-10.2
-10.2
-10.2
-10.2
-10.2
-10.2
-10.2
-10.2
-10.2
-10.2
-10.2
-10.2
-10.2
-10.2
-10.2
-10.2
-10.2
-10.2
-10.2
-10.2
-10.2
-10.2
-10.2
-10.2
-10.2
-10.2
